{
 "cells": [
  {
   "cell_type": "markdown",
   "metadata": {},
   "source": [
    "# Objective : Data Cleaning (minuteSleep)"
   ]
  },
  {
   "cell_type": "markdown",
   "metadata": {},
   "source": [
    "### Import Required Libraries ->"
   ]
  },
  {
   "cell_type": "code",
   "execution_count": 1,
   "metadata": {},
   "outputs": [],
   "source": [
    "import pandas as pd\n",
    "import numpy as np \n",
    "import matplotlib.pyplot as plt\n",
    "import seaborn as sns"
   ]
  },
  {
   "cell_type": "markdown",
   "metadata": {},
   "source": [
    "### Load the Dataset ->"
   ]
  },
  {
   "cell_type": "code",
   "execution_count": 2,
   "metadata": {},
   "outputs": [],
   "source": [
    "df = pd.read_csv(\"G:\\My Drive\\Prepinsta - Data Analytics\\Week 8 - Task 8\\Other\\minuteSleep_merged.csv\",index_col=0)"
   ]
  },
  {
   "cell_type": "markdown",
   "metadata": {},
   "source": [
    "### Preview the DataSet ->"
   ]
  },
  {
   "cell_type": "code",
   "execution_count": 3,
   "metadata": {},
   "outputs": [
    {
     "data": {
      "text/html": [
       "<div>\n",
       "<style scoped>\n",
       "    .dataframe tbody tr th:only-of-type {\n",
       "        vertical-align: middle;\n",
       "    }\n",
       "\n",
       "    .dataframe tbody tr th {\n",
       "        vertical-align: top;\n",
       "    }\n",
       "\n",
       "    .dataframe thead th {\n",
       "        text-align: right;\n",
       "    }\n",
       "</style>\n",
       "<table border=\"1\" class=\"dataframe\">\n",
       "  <thead>\n",
       "    <tr style=\"text-align: right;\">\n",
       "      <th></th>\n",
       "      <th>date</th>\n",
       "      <th>value</th>\n",
       "      <th>logId</th>\n",
       "    </tr>\n",
       "    <tr>\n",
       "      <th>Id</th>\n",
       "      <th></th>\n",
       "      <th></th>\n",
       "      <th></th>\n",
       "    </tr>\n",
       "  </thead>\n",
       "  <tbody>\n",
       "    <tr>\n",
       "      <th>1503960366</th>\n",
       "      <td>4/12/2016 2:47:30 AM</td>\n",
       "      <td>3</td>\n",
       "      <td>11380564589</td>\n",
       "    </tr>\n",
       "    <tr>\n",
       "      <th>1503960366</th>\n",
       "      <td>4/12/2016 2:48:30 AM</td>\n",
       "      <td>2</td>\n",
       "      <td>11380564589</td>\n",
       "    </tr>\n",
       "    <tr>\n",
       "      <th>1503960366</th>\n",
       "      <td>4/12/2016 2:49:30 AM</td>\n",
       "      <td>1</td>\n",
       "      <td>11380564589</td>\n",
       "    </tr>\n",
       "    <tr>\n",
       "      <th>1503960366</th>\n",
       "      <td>4/12/2016 2:50:30 AM</td>\n",
       "      <td>1</td>\n",
       "      <td>11380564589</td>\n",
       "    </tr>\n",
       "    <tr>\n",
       "      <th>1503960366</th>\n",
       "      <td>4/12/2016 2:51:30 AM</td>\n",
       "      <td>1</td>\n",
       "      <td>11380564589</td>\n",
       "    </tr>\n",
       "  </tbody>\n",
       "</table>\n",
       "</div>"
      ],
      "text/plain": [
       "                            date  value        logId\n",
       "Id                                                  \n",
       "1503960366  4/12/2016 2:47:30 AM      3  11380564589\n",
       "1503960366  4/12/2016 2:48:30 AM      2  11380564589\n",
       "1503960366  4/12/2016 2:49:30 AM      1  11380564589\n",
       "1503960366  4/12/2016 2:50:30 AM      1  11380564589\n",
       "1503960366  4/12/2016 2:51:30 AM      1  11380564589"
      ]
     },
     "execution_count": 3,
     "metadata": {},
     "output_type": "execute_result"
    }
   ],
   "source": [
    "df.head()"
   ]
  },
  {
   "cell_type": "code",
   "execution_count": 4,
   "metadata": {},
   "outputs": [
    {
     "data": {
      "text/plain": [
       "(188521, 3)"
      ]
     },
     "execution_count": 4,
     "metadata": {},
     "output_type": "execute_result"
    }
   ],
   "source": [
    "# Check the shape of dataset\n",
    "df.shape"
   ]
  },
  {
   "cell_type": "code",
   "execution_count": 5,
   "metadata": {},
   "outputs": [
    {
     "data": {
      "text/plain": [
       "date     0\n",
       "value    0\n",
       "logId    0\n",
       "dtype: int64"
      ]
     },
     "execution_count": 5,
     "metadata": {},
     "output_type": "execute_result"
    }
   ],
   "source": [
    "# check if is there any null values in the dataset\n",
    "df.isnull().sum()"
   ]
  },
  {
   "cell_type": "code",
   "execution_count": 6,
   "metadata": {},
   "outputs": [
    {
     "name": "stdout",
     "output_type": "stream",
     "text": [
      "<class 'pandas.core.frame.DataFrame'>\n",
      "Index: 188521 entries, 1503960366 to 8792009665\n",
      "Data columns (total 3 columns):\n",
      " #   Column  Non-Null Count   Dtype \n",
      "---  ------  --------------   ----- \n",
      " 0   date    188521 non-null  object\n",
      " 1   value   188521 non-null  int64 \n",
      " 2   logId   188521 non-null  int64 \n",
      "dtypes: int64(2), object(1)\n",
      "memory usage: 5.8+ MB\n"
     ]
    }
   ],
   "source": [
    "# check the datatype of all the colimns in dataset\n",
    "df.info()"
   ]
  },
  {
   "cell_type": "markdown",
   "metadata": {},
   "source": [
    "### Splitting of ActivityHour column in Date and Time Respectively ->"
   ]
  },
  {
   "cell_type": "code",
   "execution_count": 7,
   "metadata": {},
   "outputs": [],
   "source": [
    "# Define a function to split the ActivityHour column into ActivityDay and ActivityTime\n",
    "def split_activity_hour(df, column_name='date'):\n",
    "    # Split the column into two parts: Date and Time\n",
    "    split_columns = df[column_name].str.split(' ', expand=True)\n",
    "    # Assign the split columns to the dataframe\n",
    "    df['ActivityDay'] = pd.to_datetime(split_columns[0])  # Convert to datetime format\n",
    "    df['ActivityTime'] = split_columns[1]\n",
    "    # Drop the original ActivityHour column\n",
    "    df.drop(column_name, axis=1, inplace=True)\n",
    "    return df"
   ]
  },
  {
   "cell_type": "code",
   "execution_count": 8,
   "metadata": {},
   "outputs": [
    {
     "data": {
      "text/html": [
       "<div>\n",
       "<style scoped>\n",
       "    .dataframe tbody tr th:only-of-type {\n",
       "        vertical-align: middle;\n",
       "    }\n",
       "\n",
       "    .dataframe tbody tr th {\n",
       "        vertical-align: top;\n",
       "    }\n",
       "\n",
       "    .dataframe thead th {\n",
       "        text-align: right;\n",
       "    }\n",
       "</style>\n",
       "<table border=\"1\" class=\"dataframe\">\n",
       "  <thead>\n",
       "    <tr style=\"text-align: right;\">\n",
       "      <th></th>\n",
       "      <th>value</th>\n",
       "      <th>logId</th>\n",
       "      <th>ActivityDay</th>\n",
       "      <th>ActivityTime</th>\n",
       "    </tr>\n",
       "    <tr>\n",
       "      <th>Id</th>\n",
       "      <th></th>\n",
       "      <th></th>\n",
       "      <th></th>\n",
       "      <th></th>\n",
       "    </tr>\n",
       "  </thead>\n",
       "  <tbody>\n",
       "    <tr>\n",
       "      <th>1503960366</th>\n",
       "      <td>3</td>\n",
       "      <td>11380564589</td>\n",
       "      <td>2016-04-12</td>\n",
       "      <td>2:47:30</td>\n",
       "    </tr>\n",
       "    <tr>\n",
       "      <th>1503960366</th>\n",
       "      <td>2</td>\n",
       "      <td>11380564589</td>\n",
       "      <td>2016-04-12</td>\n",
       "      <td>2:48:30</td>\n",
       "    </tr>\n",
       "    <tr>\n",
       "      <th>1503960366</th>\n",
       "      <td>1</td>\n",
       "      <td>11380564589</td>\n",
       "      <td>2016-04-12</td>\n",
       "      <td>2:49:30</td>\n",
       "    </tr>\n",
       "    <tr>\n",
       "      <th>1503960366</th>\n",
       "      <td>1</td>\n",
       "      <td>11380564589</td>\n",
       "      <td>2016-04-12</td>\n",
       "      <td>2:50:30</td>\n",
       "    </tr>\n",
       "    <tr>\n",
       "      <th>1503960366</th>\n",
       "      <td>1</td>\n",
       "      <td>11380564589</td>\n",
       "      <td>2016-04-12</td>\n",
       "      <td>2:51:30</td>\n",
       "    </tr>\n",
       "  </tbody>\n",
       "</table>\n",
       "</div>"
      ],
      "text/plain": [
       "            value        logId ActivityDay ActivityTime\n",
       "Id                                                     \n",
       "1503960366      3  11380564589  2016-04-12      2:47:30\n",
       "1503960366      2  11380564589  2016-04-12      2:48:30\n",
       "1503960366      1  11380564589  2016-04-12      2:49:30\n",
       "1503960366      1  11380564589  2016-04-12      2:50:30\n",
       "1503960366      1  11380564589  2016-04-12      2:51:30"
      ]
     },
     "execution_count": 8,
     "metadata": {},
     "output_type": "execute_result"
    }
   ],
   "source": [
    "# Apply the function to each dataset\n",
    "df = split_activity_hour(df)\n",
    "df.head()"
   ]
  },
  {
   "cell_type": "markdown",
   "metadata": {},
   "source": [
    "### Standerdize the column names ->"
   ]
  },
  {
   "cell_type": "code",
   "execution_count": 9,
   "metadata": {},
   "outputs": [
    {
     "data": {
      "text/html": [
       "<div>\n",
       "<style scoped>\n",
       "    .dataframe tbody tr th:only-of-type {\n",
       "        vertical-align: middle;\n",
       "    }\n",
       "\n",
       "    .dataframe tbody tr th {\n",
       "        vertical-align: top;\n",
       "    }\n",
       "\n",
       "    .dataframe thead th {\n",
       "        text-align: right;\n",
       "    }\n",
       "</style>\n",
       "<table border=\"1\" class=\"dataframe\">\n",
       "  <thead>\n",
       "    <tr style=\"text-align: right;\">\n",
       "      <th></th>\n",
       "      <th>value</th>\n",
       "      <th>logid</th>\n",
       "      <th>activityday</th>\n",
       "      <th>activitytime</th>\n",
       "    </tr>\n",
       "    <tr>\n",
       "      <th>Id</th>\n",
       "      <th></th>\n",
       "      <th></th>\n",
       "      <th></th>\n",
       "      <th></th>\n",
       "    </tr>\n",
       "  </thead>\n",
       "  <tbody>\n",
       "    <tr>\n",
       "      <th>1503960366</th>\n",
       "      <td>3</td>\n",
       "      <td>11380564589</td>\n",
       "      <td>2016-04-12</td>\n",
       "      <td>2:47:30</td>\n",
       "    </tr>\n",
       "    <tr>\n",
       "      <th>1503960366</th>\n",
       "      <td>2</td>\n",
       "      <td>11380564589</td>\n",
       "      <td>2016-04-12</td>\n",
       "      <td>2:48:30</td>\n",
       "    </tr>\n",
       "    <tr>\n",
       "      <th>1503960366</th>\n",
       "      <td>1</td>\n",
       "      <td>11380564589</td>\n",
       "      <td>2016-04-12</td>\n",
       "      <td>2:49:30</td>\n",
       "    </tr>\n",
       "    <tr>\n",
       "      <th>1503960366</th>\n",
       "      <td>1</td>\n",
       "      <td>11380564589</td>\n",
       "      <td>2016-04-12</td>\n",
       "      <td>2:50:30</td>\n",
       "    </tr>\n",
       "    <tr>\n",
       "      <th>1503960366</th>\n",
       "      <td>1</td>\n",
       "      <td>11380564589</td>\n",
       "      <td>2016-04-12</td>\n",
       "      <td>2:51:30</td>\n",
       "    </tr>\n",
       "  </tbody>\n",
       "</table>\n",
       "</div>"
      ],
      "text/plain": [
       "            value        logid activityday activitytime\n",
       "Id                                                     \n",
       "1503960366      3  11380564589  2016-04-12      2:47:30\n",
       "1503960366      2  11380564589  2016-04-12      2:48:30\n",
       "1503960366      1  11380564589  2016-04-12      2:49:30\n",
       "1503960366      1  11380564589  2016-04-12      2:50:30\n",
       "1503960366      1  11380564589  2016-04-12      2:51:30"
      ]
     },
     "execution_count": 9,
     "metadata": {},
     "output_type": "execute_result"
    }
   ],
   "source": [
    "# Standardize column names\n",
    "df.columns = df.columns.str.lower().str.replace(r'([a-z])([A-Z])', r'\\1_\\2').str.replace(r'[^a-z0-9_]', '', regex=True)\n",
    "\n",
    "# Display the first few rows of the dataframe to verify the new column names\n",
    "df.head()"
   ]
  },
  {
   "cell_type": "markdown",
   "metadata": {},
   "source": [
    "### Rearrange the position of 'activityday' and 'activitytime' column ->"
   ]
  },
  {
   "cell_type": "code",
   "execution_count": 10,
   "metadata": {},
   "outputs": [
    {
     "data": {
      "text/html": [
       "<div>\n",
       "<style scoped>\n",
       "    .dataframe tbody tr th:only-of-type {\n",
       "        vertical-align: middle;\n",
       "    }\n",
       "\n",
       "    .dataframe tbody tr th {\n",
       "        vertical-align: top;\n",
       "    }\n",
       "\n",
       "    .dataframe thead th {\n",
       "        text-align: right;\n",
       "    }\n",
       "</style>\n",
       "<table border=\"1\" class=\"dataframe\">\n",
       "  <thead>\n",
       "    <tr style=\"text-align: right;\">\n",
       "      <th></th>\n",
       "      <th>activityday</th>\n",
       "      <th>activitytime</th>\n",
       "      <th>value</th>\n",
       "      <th>logid</th>\n",
       "    </tr>\n",
       "    <tr>\n",
       "      <th>Id</th>\n",
       "      <th></th>\n",
       "      <th></th>\n",
       "      <th></th>\n",
       "      <th></th>\n",
       "    </tr>\n",
       "  </thead>\n",
       "  <tbody>\n",
       "    <tr>\n",
       "      <th>1503960366</th>\n",
       "      <td>2016-04-12</td>\n",
       "      <td>2:47:30</td>\n",
       "      <td>3</td>\n",
       "      <td>11380564589</td>\n",
       "    </tr>\n",
       "    <tr>\n",
       "      <th>1503960366</th>\n",
       "      <td>2016-04-12</td>\n",
       "      <td>2:48:30</td>\n",
       "      <td>2</td>\n",
       "      <td>11380564589</td>\n",
       "    </tr>\n",
       "    <tr>\n",
       "      <th>1503960366</th>\n",
       "      <td>2016-04-12</td>\n",
       "      <td>2:49:30</td>\n",
       "      <td>1</td>\n",
       "      <td>11380564589</td>\n",
       "    </tr>\n",
       "    <tr>\n",
       "      <th>1503960366</th>\n",
       "      <td>2016-04-12</td>\n",
       "      <td>2:50:30</td>\n",
       "      <td>1</td>\n",
       "      <td>11380564589</td>\n",
       "    </tr>\n",
       "    <tr>\n",
       "      <th>1503960366</th>\n",
       "      <td>2016-04-12</td>\n",
       "      <td>2:51:30</td>\n",
       "      <td>1</td>\n",
       "      <td>11380564589</td>\n",
       "    </tr>\n",
       "  </tbody>\n",
       "</table>\n",
       "</div>"
      ],
      "text/plain": [
       "           activityday activitytime  value        logid\n",
       "Id                                                     \n",
       "1503960366  2016-04-12      2:47:30      3  11380564589\n",
       "1503960366  2016-04-12      2:48:30      2  11380564589\n",
       "1503960366  2016-04-12      2:49:30      1  11380564589\n",
       "1503960366  2016-04-12      2:50:30      1  11380564589\n",
       "1503960366  2016-04-12      2:51:30      1  11380564589"
      ]
     },
     "execution_count": 10,
     "metadata": {},
     "output_type": "execute_result"
    }
   ],
   "source": [
    "# Rearrange the position of 'activityday' column to be adjacent to 'id' column\n",
    "cols = list(df.columns)\n",
    "cols.insert(0, cols.pop(cols.index('activityday')))  # Move 'activityday' and 'acivitytime' next to 'id'\n",
    "cols.insert(1, cols.pop(cols.index('activitytime'))) \n",
    "df = df[cols]\n",
    "\n",
    "# Display the first few rows of the dataframe to verify the rearrangement\n",
    "df.head()"
   ]
  },
  {
   "cell_type": "markdown",
   "metadata": {},
   "source": [
    "### Formattin the activityday column as datetime datatype ->"
   ]
  },
  {
   "cell_type": "code",
   "execution_count": 11,
   "metadata": {},
   "outputs": [
    {
     "name": "stdout",
     "output_type": "stream",
     "text": [
      "<class 'pandas.core.frame.DataFrame'>\n",
      "Index: 188521 entries, 1503960366 to 8792009665\n",
      "Data columns (total 4 columns):\n",
      " #   Column        Non-Null Count   Dtype         \n",
      "---  ------        --------------   -----         \n",
      " 0   activityday   188521 non-null  datetime64[ns]\n",
      " 1   activitytime  188521 non-null  object        \n",
      " 2   value         188521 non-null  int64         \n",
      " 3   logid         188521 non-null  int64         \n",
      "dtypes: datetime64[ns](1), int64(2), object(1)\n",
      "memory usage: 7.2+ MB\n"
     ]
    }
   ],
   "source": [
    "# Convert 'activityday' and to datetime format\n",
    "df['activityday'] = pd.to_datetime(df['activityday'], format='%d-%m-%Y')\n",
    "df.info()"
   ]
  },
  {
   "cell_type": "markdown",
   "metadata": {},
   "source": [
    "### Remove Duplicate values if any ->"
   ]
  },
  {
   "cell_type": "code",
   "execution_count": 12,
   "metadata": {},
   "outputs": [
    {
     "data": {
      "text/plain": [
       "629"
      ]
     },
     "execution_count": 12,
     "metadata": {},
     "output_type": "execute_result"
    }
   ],
   "source": [
    "# chek if is there any duplicate values in dataset\n",
    "duplicates = duplicates = df.duplicated().sum()\n",
    "duplicates"
   ]
  },
  {
   "cell_type": "code",
   "execution_count": 13,
   "metadata": {},
   "outputs": [],
   "source": [
    "# Remove duplicate rows, keeping the first occurrence of each duplicate\n",
    "df = df.drop_duplicates()"
   ]
  },
  {
   "cell_type": "markdown",
   "metadata": {},
   "source": [
    "### Export the Dataset ->"
   ]
  },
  {
   "cell_type": "code",
   "execution_count": 14,
   "metadata": {},
   "outputs": [],
   "source": [
    "df.to_csv(\"G:\\My Drive\\Prepinsta - Data Analytics\\Week 8 - Task 8\\Master Datasets\\minuteSleep_data.csv\")"
   ]
  },
  {
   "cell_type": "code",
   "execution_count": null,
   "metadata": {},
   "outputs": [],
   "source": []
  }
 ],
 "metadata": {
  "kernelspec": {
   "display_name": "base",
   "language": "python",
   "name": "python3"
  },
  "language_info": {
   "codemirror_mode": {
    "name": "ipython",
    "version": 3
   },
   "file_extension": ".py",
   "mimetype": "text/x-python",
   "name": "python",
   "nbconvert_exporter": "python",
   "pygments_lexer": "ipython3",
   "version": "3.11.5"
  }
 },
 "nbformat": 4,
 "nbformat_minor": 2
}
